1000
392553458
1477433996
1833578511
1263069379
668989666
930027613
1597376700
1019892929
1637062339
915028161
1944909354
1877655709
613859930
1117324891
2104272566
376033827
944504138
480738754
1216874779
1752239131
1126893493
702803098
178156398
23960813
1073154314
421109326
2060657929
92317276
1399807582
1041516661
1618550652
1792361040
371467009
1304645515
907946771
1040456676
87189480
357839823
2060349605
1724251819
1272867985
1857775311
1454423880
1886727915
827616555
1411212798
115278094
1772120693
1891951552
1332152873
1376876176
871361397
2034955971
1555032574
895322211
960626637
1976141900
808496492
1052943913
1228465834
1850013153
524010917
873343227
73996515
1828656432
1781289998
1114453191
1915845912
2139129822
1027319148
1492614083
1264514159
737610811
799554315
1003758426
1565227366
63283465
1119036520
1189864411
1955235017
303705745
419256940
679112767
191178068
1974289514
1574434978
1151804705
1802947767
235447822
57264971
883929953
2085460975
581275888
1757273180
11973842
262448673
1391079531
1126427033
30810937
1382725705
6262533
1523425021
499756216
743873345
175495688
1503514642
161617063
238779154
475067514
1351481475
46530523
778773259
1770738415
725643290
969951327
1597544281
152594620
2121756032
1253008400
388042442
31537355
2136938354
326019770
612813244
1746727886
337993612
875261917
990323769
1464420646
906072854
225565826
1470683179
282014227
725322042
67072876
457509916
81353036
228689940
696289070
556420550
1580171415
742819593
1335193809
1203426182
1468462884
157661488
653486815
1621057504
131933873
1906495216
2009099947
163471228
1895949922
187636069
776284472
1495194160
525629681
1651546389
338034282
1990050327
410135596
563600108
1313249859
692149823
1288922151
1380322735
1149659739
1370275187
1609012675
1845948809
1926695738
1041700442
441284755
1114405899
97642976
1909747639
1272067388
751129792
1383321495
1404001261
510141360
1244937794
1567472489
258607634
1432573863
196273314
1753801794
1958203545
1847819703
2091836076
1800770224
110471651
507952537
966536435
802621475
1796874688
199375523
1952281214
1019666227
1808388198
1650746376
798878317
702604993
2092031131
1913284217
800247969
1854295122
1037867957
1551377761
1090132969
294385570
2061519121
187587116
1861858059
172643107
1620160979
2058131373
1926444902
1430880876
1758467429
1870797330
1084167453
1868939080
231266219
2050703888
524076907
2028140907
102595763
328874474
900323487
1910983962
1979620850
1699201804
466105307
1924168333
1465002373
1266353276
1630979807
355386682
670247390
573629128
649772252
584282863
761216244
364146664
756925971
233893576
274794389
535887225
1664774452
2033261818
259200907
601458257
1754717251
490467127
504678498
131310510
371124386
607274261
460184984
1271447873
370774575
292322186
823166030
836879882
69006871
140684755
2103233159
1699986678
496071438
625996901
126132159
1145843690
1210279764
887348403
1509990354
1967205735
1121241979
1784784744
355609312
638532784
1670562914
614810220
1239991041
1277796517
1105277347
1744669539
1409107028
1476401733
204460153
1869292012
600365959
575234728
14130551
1423531989
1412114611
83137422
1564216744
1367864122
1783124101
2060288182
1993861023
1909256260
1058648225
1056657139
649121015
421154931
876379227
1770362995
58456027
1231988539
261412131
1729018942
1846798759
1501403172
859331811
804592458
1098589064
120955191
133510544
1303049217
1990247204
733876503
1878283945
2004377755
9924844
1142914908
2087515177
1574141588
363295382
1723155630
1486946123
209672757
1484928242
398110700
1266329897
2134049258
819265631
2142709124
1756928605
877721659
1227214015
2018340736
459256953
926529127
1372260260
1318588764
1731121585
323365676
1439543956
1864632129
1626414893
1282307512
451024984
1357215191
1139201619
460949828
352646451
1079233148
2035091417
715941834
654905131
1374553892
925614591
2139833373
1772664592
44460840
2126398983
444446575
39686316
1735843940
1322168234
1266900332
1606701028
1781425187
45945811
831477641
952530304
1777067396
1154843317
244590612
1494215878
633774563
1526898124
1945240862
1990989754
518616095
258707043
196152557
1597849243
146314812
912094391
105270726
1520868704
1837708983
97620452
1146049648
1882169823
76535787
1590496223
1921856140
1812379728
765180810
1041272824
1271597108
399122349
1087218635
2103074749
1351652653
716802383
1110434419
1596243265
63534613
1744208982
975657741
2008775476
1587715088
1494273836
119998871
1783867645
944639432
266313683
548478389
1049910158
1787182387
238703724
1147530610
785748387
2120873547
1224066398
228760962
1895246039
888962478
993941772
789035215
13075938
1393064122
1876253850
2116150688
597233127
445572586
1079101459
45992745
509107199
675826793
1021650486
370399027
116058233
368440675
490397898
1899925878
1313080107
756711581
300920619
215506617
396410320
539624343
1363037228
1182158707
513014243
439619978
1410919670
260776634
1328582456
257377794
1049811850
1341658394
1650441916
778582052
1310325434
100191396
1224154638
241943245
146184141
1733261838
917770038
1167834627
2103660865
1033828271
1536275302
446575116
786270502
701871761
1203286697
1087191121
917378379
1599697018
1626815465
132931959
634372077
2139829708
572551937
2045291747
253122694
1901134393
155185894
1302934544
1095309139
1805627810
2081516597
258150926
1905819206
1158187587
500094171
2052003347
743965777
1417864210
1072354327
700142995
304208833
461145981
1146718111
1090479335
1163017743
202521160
30186809
2080396122
1802218178
1657002274
65844433
289106608
1649348334
638396370
186914707
1902471028
392047115
342100601
1057921925
1487356254
244764
991954874
1745507180
1906063970
2658813
98117704
1810583670
746624591
1515981914
735454349
1446767586
1820190747
1196600330
446002049
763186435
212134425
648523209
793373244
145046899
303257740
302891870
210891332
592364348
1952240204
849287702
779279055
1707227584
1241334817
1121379657
617665861
581207424
1121624421
1609620735
179230956
880204743
1612279549
277348660
543304765
211420492
1793330574
1278759114
1658188078
1466037674
327875797
2104190127
81740461
540010222
605229688
875113705
685057122
908487428
1178005575
895948454
1500851776
982762131
1745236157
132647184
542506067
839087326
1254026841
1160171929
1420294750
228167614
622309016
1599525707
1108372357
87104917
1876874367
1651677123
298525409
1522721294
782952589
1956713487
841275320
1110828386
1913419966
923015781
1650838609
371166007
1798129486
188412083
1279653435
828651413
1084360537
633021564
1811413544
682113046
765668748
206435963
1521200373
2019695589
1366607892
794011475
100379555
1988916909
246053534
1208751912
2076021826
2122927902
712945387
227063588
1498165548
1495897977
36293427
191957220
459242715
1949713394
1114973001
2110081324
173395753
765618839
151009759
1453049188
1594270252
1235370297
2086070752
1258200148
1917483343
704255852
1464636111
1291200068
576467793
683760356
2085211544
676847348
525193617
183781430
1885599261
453731795
159225684
451061000
680795383
1657391232
1946958977
717088811
1849348452
258718045
519318557
816837805
221315721
692714310
1582456644
372325481
2145763498
1029243248
1607695778
2084350603
139959748
1377695473
641122807
1604595860
521411894
1217590601
140872568
459139790
1894437949
666066185
642921220
1632553562
1119797980
802146905
2083614563
1800593364
312054489
1883089892
370198527
13919294
2141807937
889517084
830757099
215640011
1582231394
265730096
587965492
1580511244
1294973344
48177622
1517378199
1434933093
1425873095
11017359
892045305
1947284989
1228607960
1032917873
258941131
975562261
1698984058
901862352
460632176
671298390
1704009257
396763091
324408106
2016063746
132369335
694606633
2029983040
126693625
1584123717
713256492
342333636
1018871463
978986588
930299128
451899060
126476284
978476750
1969277259
1561409377
256866197
1980294618
305971034
56667539
1061418930
1338888907
315608670
2036981192
890389317
1217471022
350129720
1561687708
773996631
746892811
1886095814
642576730
879262146
433218800
525076122
1005955771
2017342517
1238332614
1348289407
888730333
69835554
131104887
1340629393
196311839
1109581637
1162423004
1757721216
1366447835
995233975
2063692251
1423115374
2056652905
1255097510
1738724044
1946150449
2145486828
808711419
148796521
1559690888
1582708050
895689332
1298303054
77801132
1774951479
1731521854
602877255
633423602
1601380724
1841209869
1981713010
342627409
1911045424
2112817897
1683256802
2107357263
1074915887
698196158
1717594831
293880074
1693430133
1633803434
1716995448
1602599391
741417297
1308235844
1401266192
739420477
2116947263
1550062714
151627717
1552171666
298268398
1449930771
1629972798
2073219877
1033968978
85366405
559159832
487866054
1926576275
393389194
830493463
1690138051
358723443
366266617
1650011666
1433639330
1064462775
1220122849
1727519404
610409261
706442636
1297031204
65525004
1447859933
457783401
1466791196
39796762
427247016
869370262
191424479
1979418682
1167638661
1641355250
1461907833
1093374890
527840580
1547274238
1652534722
1015706634
1326366865
2045923916
1846200097
869021268
257163712
64983066
371549286
1690803042
1129445842
1591672136
1270838799
1739855103
150631124
420386355
1805380107
1598491057
878169756
1124687655
1638287819
1305416773
1994057918
1829712298
1137351807
1014212931
1323583900
451775992
2107587821
1851424481
1999050231
1612638896
719647467
1177933448
1511079164
418363917
2046954717
1768242876
483346983
271020355
1311562271
1612792825
1862692491
434917422
1205164280
2013323615
855303777
863060739
1464331024
1733473534
1987748395
955135195
891406659
1834322665
637363845
2028758466
701051948
1960947746
333050811
661156121
1664888579
184617394
126311369
237052398
1362550842
1637390534
655416315
1262021911
1258149762
1138763299
1533042267
422228385
604072476
1248251110
857145807
1809236757
1114091078
1712449585
524813848
430938454
1298439471
365078595
1386073650
42362482
51917612
2023437495
2071120948
752969560
1836901593
256688111
1414125682
1354306524
441305505
1540437051
1591358923
1803856348
1030343937
99291590
918394611
141010052
1238054889
303953230
563238437
1842127366
1552204341
1420384245
1503880475
518811771
985350182
2028694323
949750225
136306005
246289271
188340227
178668487
298206883
64294075
102305787
1051176444
1901195668
358993899
317818478
1108018545
800299404
1858255529
551893820
456672104
741115819
651185410
1375066716
882125871
1889240300
1679019946
1445364308
1583884018
1083740639
718264905
940280845
1602552410
1703615087
821491520
404818988
1839921092
1067780791
593159215
2018589579
1365987675
657453290
2120895367
