100
9384
26526
2043
1398
47420
49576
36712
51450
31604
80058
5865
98845
35888
61358
96602
20789
19137
720
68283
22751
91893
16279
2618
85071
23499
47791
99496
45346
76323
62792
6818
16437
99333
40199
67386
85085
94587
37379
76374
16831
107
60538
17927
4678
38580
54210
74701
47177
93755
71981
69351
95893
96126
56247
19217
53416
46541
4626
13048
7684
28832
20898
80328
20808
91425
78101
96801
3926
2151
20795
39271
82562
64944
45015
52978
24186
30297
41866
90683
94200
68320
48241
988
39321
71223
536
11740
54394
1620
34088
82991
81590
39060
53798
99802
52443
566
84850
61431
93952