1000
85071
23499
47791
99496
45346
76323
62792
6818
16437
99333
40199
67386
85085
94587
37379
76374
16831
107
60538
17927
4678
38580
54210
74701
47177
93755
71981
69351
95893
96126
56247
19217
53416
46541
4626
13048
7684
28832
20898
80328
20808
91425
78101
96801
3926
2151
20795
39271
82562
64944
45015
52978
24186
30297
41866
90683
94200
68320
48241
988
39321
71223
536
11740
54394
1620
34088
82991
81590
39060
53798
99802
52443
566
84850
61431
93952
4297
86767
28717
60043
42782
40958
29901
25234
8871
82242
98353
49631
91688
55273
7708
50675
25308
3489
75163
85027
90907
88217
25781
72901
59893
60091
48434
69856
16972
70864
41738
65611
2495
93950
25509
40800
68497
31502
35994
18117
42427
48532
43670
82823
61349
49125
67838
98123
12397
50358
18227
56132
5690
52363
27466
84003
75706
60543
8820
71229
12908
63204
55221
26723
10524
74145
67291
86203
66896
59011
76713
45015
75801
49598
23871
85251
50981
57957
31682
99531
97028
92897
85644
7196
39793
60303
47977
92646
10167
93875
37167
60913
13449
14414
65865
33410
28463
93428
49429
15092
70639
57472
89903
15446
98151
98300
64350
39784
72917
19003
58595
29011
34828
90291
70340
32322
59458
49708
38182
92622
45258
76081
40878
1540
90636
57134
81371
65641
99874
46801
99843
27234
55638
3878
6019
4345
39547
50566
27777
28877
4464
30691
66712
41580
61423
23115
66083
34045
73264
8559
99424
35694
59187
85048
55782
80297
20860
22732
90205
69774
23097
90210
96787
70719
70329
77653
92046
23120
69891
77524
92890
38609
5175
28774
96003
54498
84023
97321
34668
84692
83670
17876
46894
38018
36431
69701
24037
31873
42291
16575
47608
9530
94525
21320
13652
83863
43117
66453
97434
34119
60583
57063
24842
50728
74981
25225
88796
31776
16919
97011
82073
90177
4264
89437
51340
92837
47259
33575
61458
44154
76001
34843
46732
97355
45672
77282
37560
59433
15620
79930
51894
39542
87296
23952
69665
99227
5878
39704
41793
66269
99459
25122
55582
28727
9488
17396
65465
39984
13648
69347
99622
35287
56106
95123
13102
85947
14011
32346
7803
89055
15398
31508
11170
808
84674
25849
27651
11202
88810
26912
25015
23169
49052
87413
54509
70023
8135
92967
37537
84528
36621
95148
77893
96413
66916
18232
20803
1870
87498
35052
72266
50225
89956
76648
43762
23755
23124
12719
97003
61321
55320
76892
86282
37153
81007
95403
34873
37719
6273
96724
75340
59147
71875
55411
49463
22446
16664
27097
68982
26327
61491
96152
12494
59186
93971
16181
2570
57788
32630
78954
50954
48569
74309
93646
51738
50544
55662
1540
92509
70543
96763
89208
86708
94062
54245
4884
11322
89584
56063
24042
57563
70041
21609
16454
57892
78881
1417
9541
67405
81777
29215
48991
49650
89671
35240
89340
13132
81119
22167
3509
71899
31966
60076
78320
44187
967
26536
75187
31096
65072
55922
60260
14515
59170
83649
13295
82736
62136
55157
8646
20956
50865
70085
58916
61349
49211
98678
60570
15837
15843
18855
57221
6195
91738
4929
83548
46201
1482
18103
6596
2853
30191
10274
1748
78030
26038
59425
41231
28647
87637
87359
3753
47165
21630
41410
3437
81117
65507
26065
49158
64500
18647
6978
60253
11427
46986
40413
47665
44105
89905
62168
56806
46407
47993
98358
51504
54527
57565
73079
71758
80322
74663
48686
53506
47253
84682
33719
11822
13144
74513
67018
52590
41119
62830
54231
89896
6670
72209
75731
79046
99047
37656
55712
97847
80589
50363
65807
14998
22469
85489
61113
24994
13217
6177
55259
44299
51338
30772
69642
38346
77925
61417
29647
41452
93343
15527
20202
8041
62655
82452
71038
78479
26754
90854
48702
41887
3280
98304
21514
47843
70776
24076
45870
57427
74980
24909
54750
61026
41786
21073
71987
28045
27634
78004
18554
17622
14620
94581
98234
17313
52121
30377
12881
46643
79809
11049
64359
53268
37260
9952
33018
72370
72999
43848
70186
22733
91883
73557
50996
24247
67319
79016
92380
93807
36325
30151
41561
55308
12493
3744
80546
10239
91477
67886
88751
2242
32942
59611
47461
74644
10570
98872
48863
71082
86658
66852
41716
23227
48303
95034
87926
76511
75023
24928
57518
54608
31144
86705
2399
50174
27038
5852
88009
83915
63527
92965
95014
73151
20330
18837
13288
4881
63848
83225
70628
30743
55975
7998
87805
47972
14972
44176
20506
18315
86272
83407
30392
79043
12811
45638
36804
74901
6194
48226
68965
61097
57285
46210
12683
84324
53195
92244
77428
57427
33188
55270
63840
87866
435
5021
43942
77089
14666
89831
15650
99964
89944
27052
76304
8675
13671
87812
53562
97603
98120
44344
44946
3485
91883
9897
36516
57626
80349
42549
71416
95363
65062
90761
89741
67313
84143
80018
11589
11587
10377
13636
65359
14900
14875
77974
81848
20779
10234
79218
38209
3730
47299
51216
82111
22336
2474
59726
66908
66766
91925
47592
28895
24418
62358
42784
39087
66020
44318
89276
67643
96831
34348
7163
26177
61438
84685
38212
9091
62527
47052
83078
22759
9799
17091
66289
62999
95329
10931
29442
5468
78271
64235
81020
27338
9410
3392
63239
37283
16991
49340
71323
46043
96483
28663
9874
30085
38773
85738
4217
97732
52825
27158
22757
8745
85686
97463
40476
80309
45202
75239
52459
45712
63042
19258
1
48766
30403
34234
96509
31012
90219
69296
14999
17010
48789
24336
46250
92830
10620
9818
61046
81049
38196
84844
20895
33020
20485
24579
94801
2617
20186
99925
30539
21021
18640
90024
86493
86996
86158
78652
27844
38984
1461
18341
6719
9771
86609
16472
83057
73261
24083
98441
23030
20595
48270
18359
40131
88703
40815
53320
55504
6093
23754
61674
56374
90206
5913
21168
55334
26625
92392
96787
10646
19949
49128
48661
79127
25305
86338
97500
72213
20291
80982
6021
83756
11336
2653
52735
81717
99287
28697
26477
87341
47066
34606
10013
87613
33939
97273
19428
48672
46753
30601
46467
66519
62231
83767
72666
3953
59437
29858
68923
25510
5404
42215
43095
20275
60548
56383
73988
56148
40750
38310
68576
10258
40073
94404
96696
38469
94661
68815
67167
6635
80143
39755
56800
74809
19572
57479
90882
64291
16285
26848
58768
5172
53979
6153
5251
92594
77921
26862
44178
57387
32996
93347
89710
74131
45197
36554
19477
34354
86034
20148
90309
99764
37522
26100
17465
