10000
60538
17927
4678
38580
54210
74701
47177
93755
71981
69351
95893
96126
56247
19217
53416
46541
4626
13048
7684
28832
20898
80328
20808
91425
78101
96801
3926
2151
20795
39271
82562
64944
45015
52978
24186
30297
41866
90683
94200
68320
48241
988
39321
71223
536
11740
54394
1620
34088
82991
81590
39060
53798
99802
52443
566
84850
61431
93952
4297
86767
28717
60043
42782
40958
29901
25234
8871
82242
98353
49631
91688
55273
7708
50675
25308
3489
75163
85027
90907
88217
25781
72901
59893
60091
48434
69856
16972
70864
41738
65611
2495
93950
25509
40800
68497
31502
35994
18117
42427
48532
43670
82823
61349
49125
67838
98123
12397
50358
18227
56132
5690
52363
27466
84003
75706
60543
8820
71229
12908
63204
55221
26723
10524
74145
67291
86203
66896
59011
76713
45015
75801
49598
23871
85251
50981
57957
31682
99531
97028
92897
85644
7196
39793
60303
47977
92646
10167
93875
37167
60913
13449
14414
65865
33410
28463
93428
49429
15092
70639
57472
89903
15446
98151
98300
64350
39784
72917
19003
58595
29011
34828
90291
70340
32322
59458
49708
38182
92622
45258
76081
40878
1540
90636
57134
81371
65641
99874
46801
99843
27234
55638
3878
6019
4345
39547
50566
27777
28877
4464
30691
66712
41580
61423
23115
66083
34045
73264
8559
99424
35694
59187
85048
55782
80297
20860
22732
90205
69774
23097
90210
96787
70719
70329
77653
92046
23120
69891
77524
92890
38609
5175
28774
96003
54498
84023
97321
34668
84692
83670
17876
46894
38018
36431
69701
24037
31873
42291
16575
47608
9530
94525
21320
13652
83863
43117
66453
97434
34119
60583
57063
24842
50728
74981
25225
88796
31776
16919
97011
82073
90177
4264
89437
51340
92837
47259
33575
61458
44154
76001
34843
46732
97355
45672
77282
37560
59433
15620
79930
51894
39542
87296
23952
69665
99227
5878
39704
41793
66269
99459
25122
55582
28727
9488
17396
65465
39984
13648
69347
99622
35287
56106
95123
13102
85947
14011
32346
7803
89055
15398
31508
11170
808
84674
25849
27651
11202
88810
26912
25015
23169
49052
87413
54509
70023
8135
92967
37537
84528
36621
95148
77893
96413
66916
18232
20803
1870
87498
35052
72266
50225
89956
76648
43762
23755
23124
12719
97003
61321
55320
76892
86282
37153
81007
95403
34873
37719
6273
96724
75340
59147
71875
55411
49463
22446
16664
27097
68982
26327
61491
96152
12494
59186
93971
16181
2570
57788
32630
78954
50954
48569
74309
93646
51738
50544
55662
1540
92509
70543
96763
89208
86708
94062
54245
4884
11322
89584
56063
24042
57563
70041
21609
16454
57892
78881
1417
9541
67405
81777
29215
48991
49650
89671
35240
89340
13132
81119
22167
3509
71899
31966
60076
78320
44187
967
26536
75187
31096
65072
55922
60260
14515
59170
83649
13295
82736
62136
55157
8646
20956
50865
70085
58916
61349
49211
98678
60570
15837
15843
18855
57221
6195
91738
4929
83548
46201
1482
18103
6596
2853
30191
10274
1748
78030
26038
59425
41231
28647
87637
87359
3753
47165
21630
41410
3437
81117
65507
26065
49158
64500
18647
6978
60253
11427
46986
40413
47665
44105
89905
62168
56806
46407
47993
98358
51504
54527
57565
73079
71758
80322
74663
48686
53506
47253
84682
33719
11822
13144
74513
67018
52590
41119
62830
54231
89896
6670
72209
75731
79046
99047
37656
55712
97847
80589
50363
65807
14998
22469
85489
61113
24994
13217
6177
55259
44299
51338
30772
69642
38346
77925
61417
29647
41452
93343
15527
20202
8041
62655
82452
71038
78479
26754
90854
48702
41887
3280
98304
21514
47843
70776
24076
45870
57427
74980
24909
54750
61026
41786
21073
71987
28045
27634
78004
18554
17622
14620
94581
98234
17313
52121
30377
12881
46643
79809
11049
64359
53268
37260
9952
33018
72370
72999
43848
70186
22733
91883
73557
50996
24247
67319
79016
92380
93807
36325
30151
41561
55308
12493
3744
80546
10239
91477
67886
88751
2242
32942
59611
47461
74644
10570
98872
48863
71082
86658
66852
41716
23227
48303
95034
87926
76511
75023
24928
57518
54608
31144
86705
2399
50174
27038
5852
88009
83915
63527
92965
95014
73151
20330
18837
13288
4881
63848
83225
70628
30743
55975
7998
87805
47972
14972
44176
20506
18315
86272
83407
30392
79043
12811
45638
36804
74901
6194
48226
68965
61097
57285
46210
12683
84324
53195
92244
77428
57427
33188
55270
63840
87866
435
5021
43942
77089
14666
89831
15650
99964
89944
27052
76304
8675
13671
87812
53562
97603
98120
44344
44946
3485
91883
9897
36516
57626
80349
42549
71416
95363
65062
90761
89741
67313
84143
80018
11589
11587
10377
13636
65359
14900
14875
77974
81848
20779
10234
79218
38209
3730
47299
51216
82111
22336
2474
59726
66908
66766
91925
47592
28895
24418
62358
42784
39087
66020
44318
89276
67643
96831
34348
7163
26177
61438
84685
38212
9091
62527
47052
83078
22759
9799
17091
66289
62999
95329
10931
29442
5468
78271
64235
81020
27338
9410
3392
63239
37283
16991
49340
71323
46043
96483
28663
9874
30085
38773
85738
4217
97732
52825
27158
22757
8745
85686
97463
40476
80309
45202
75239
52459
45712
63042
19258
1
48766
30403
34234
96509
31012
90219
69296
14999
17010
48789
24336
46250
92830
10620
9818
61046
81049
38196
84844
20895
33020
20485
24579
94801
2617
20186
99925
30539
21021
18640
90024
86493
86996
86158
78652
27844
38984
1461
18341
6719
9771
86609
16472
83057
73261
24083
98441
23030
20595
48270
18359
40131
88703
40815
53320
55504
6093
23754
61674
56374
90206
5913
21168
55334
26625
92392
96787
10646
19949
49128
48661
79127
25305
86338
97500
72213
20291
80982
6021
83756
11336
2653
52735
81717
99287
28697
26477
87341
47066
34606
10013
87613
33939
97273
19428
48672
46753
30601
46467
66519
62231
83767
72666
3953
59437
29858
68923
25510
5404
42215
43095
20275
60548
56383
73988
56148
40750
38310
68576
10258
40073
94404
96696
38469
94661
68815
67167
6635
80143
39755
56800
74809
19572
57479
90882
64291
16285
26848
58768
5172
53979
6153
5251
92594
77921
26862
44178
57387
32996
93347
89710
74131
45197
36554
19477
34354
86034
20148
90309
99764
37522
26100
17465
13249
25467
87223
726
21319
95982
96434
20670
66521
88111
1119
14603
97869
92638
59495
50544
56760
79941
8076
46706
84501
43519
57398
79777
46421
62625
15970
94777
53457
9925
32791
23811
14492
12023
5708
39685
77763
3855
5893
85221
68400
46340
46620
52611
11106
82204
51944
67605
87397
89081
82432
19625
12486
61638
18544
95096
38292
93724
95833
80950
36227
91426
46666
71834
7622
77235
42996
97538
15447
80669
32075
35573
62914
93266
57543
71951
62288
78704
28465
22310
52999
90277
77935
58928
69260
35285
28969
92515
52328
50313
64025
69854
21954
84374
20796
28711
53117
41681
15012
65408
28314
49687
69287
24684
38754
13002
67208
54884
97406
59483
44034
24495
66320
65439
33397
64267
69227
28334
99879
48130
83626
23530
66039
28448
60031
73777
37523
57260
74823
99467
81565
85217
91496
3449
13346
12134
37209
31377
54462
50911
85539
15433
51368
85903
4300
88599
79588
31478
13023
98255
58225
44823
67151
97120
58140
379
11683
63563
14964
59430
7045
4236
47597
36482
41434
43041
61914
61201
25829
18173
65977
89526
55781
71380
1874
54111
4194
99998
61097
55526
23864
52903
91486
57773
13252
81415
41520
88824
74593
90393
22108
23056
80837
77521
71354
55814
76068
88753
59963
48969
55335
66499
16371
53676
84101
34997
39840
77138
16696
56053
91435
73826
29082
19227
33883
97407
21826
93385
10587
83999
40209
17113
78833
87256
25544
85975
37515
80554
680
77161
89066
18505
38913
98996
4153
54259
18226
59151
33531
26234
15804
69126
82695
1774
51927
99926
22503
15255
93142
92244
64182
15018
46527
17508
91491
80621
72057
2885
59115
93690
46401
92226
94138
30806
18284
11733
39872
6255
89565
59026
65474
5767
67522
47294
22819
67177
97776
42646
67433
53350
73530
60895
97376
92591
30391
79582
91194
60091
68959
71109
31435
93944
57499
86750
4729
12461
74459
4585
45772
29436
40129
45991
47189
31667
38295
95501
67865
94743
60521
13330
70246
34129
1451
52453
70091
98914
28968
72561
64521
99066
48059
58776
78691
42040
62683
90093
85979
14613
16935
11180
20918
18582
98533
12588
30954
18866
69951
54638
29371
43686
95929
78074
28849
28895
37806
33
119
2789
27629
72555
91807
1331
97208
11679
69011
32108
24495
87411
37213
17069
56720
58222
1452
44617
25189
95771
39886
43421
24959
6895
78526
10498
30846
56408
8155
35777
4666
86906
93409
72850
67920
31098
73956
22284
33085
4046
65649
44182
16004
60472
20630
7228
81142
26751
17020
37721
55980
3057
91988
43305
58552
39840
41392
57055
25893
58995
95996
82462
74937
66582
40027
13643
71141
93907
99341
96822
33491
97987
46938
41707
12348
59454
23834
22872
45333
57867
83637
48353
89136
67882
74139
92473
32104
41564
53825
47194
67012
15798
12754
42800
19695
90238
20806
12688
95068
72752
31185
76070
2013
16570
75728
97758
73234
6198
39442
66679
1057
61752
66514
51306
77684
58993
97889
73941
93733
24126
2012
47997
5617
80286
9719
82906
58921
46511
11460
59894
32811
28414
46085
13502
56091
4667
71353
34761
39259
78318
51545
30524
36264
37479
54328
18428
24051
25408
52375
90608
4692
16987
10177
33008
68863
3366
37307
34891
77616
62300
59816
84162
38152
28950
46281
61407
69601
76966
82098
2602
29143
50863
76611
77828
17271
87894
17391
24443
49374
22635
94846
22722
41981
69934
66127
25097
86193
3349
24585
6824
24920
85747
84421
25881
22091
42105
66244
17351
8985
16847
11794
91811
84451
42504
62972
98294
48916
33876
56809
88800
32214
89240
50279
5538
27942
33140
88470
70092
49254
3921
87362
59054
49119
99339
64213
76294
65321
82369
72428
61688
75294
86317
6200
2147
29487
63237
9903
37081
25243
41268
67841
5173
11027
84797
13926
23435
56969
54145
95737
89153
10095
75594
56271
17996
32105
49682
259
49272
5119
45884
77126
12013
26145
10412
92707
53848
81835
44119
67068
37210
70548
88764
81969
8304
76789
32944
53987
5389
75384
78091
9840
75930
15027
57683
4811
75285
83679
46922
39339
2292
46691
62378
53041
78182
55915
44497
45122
17826
95443
16119
52932
21299
46185
4327
49401
3154
37479
14084
68912
16360
79548
37069
66394
44890
50621
90473
4055
53690
91545
6586
36589
90403
82296
33562
65933
12790
40076
950
78160
3597
9002
56201
84546
7277
95783
33342
74919
1416
45187
91128
59654
3478
69436
79043
53402
8725
57705
84194
20317
75026
23005
69315
7928
18629
85101
34901
23573
34603
66584
83346
64852
4933
92144
99898
33821
50820
39616
92211
82469
56459
92149
97252
91019
44597
88758
90308
7835
35537
82896
33364
29713
33111
63655
10735
40304
78820
32441
83213
22860
53488
55948
37122
11758
25203
61162
54564
78722
3867
30027
31083
98784
97350
42096
99953
28055
76667
20941
10196
42911
7722
74057
22910
54262
99203
7571
18370
11461
35899
80273
15308
95139
89282
84753
33320
8453
58445
91828
1802
94284
60901
68555
81646
16674
11701
85686
39198
74511
59287
15075
71035
84085
59808
10234
72320
58607
18647
10486
23007
67143
50509
45850
41869
5309
69094
3108
30282
71825
90840
14836
520
62802
10475
2642
32595
18513
99795
29873
76270
51757
58630
74196
82226
15224
8560
24714
96247
94629
94103
9038
63744
94547
84157
45305
59747
57601
7586
15203
59428
40304
40250
55991
36102
89008
4917
70346
27734
6224
96462
81661
49310
95843
96510
98329
9917
88298
87670
48619
5242
4476
64610
4834
11840
59873
19617
3260
58909
28279
57420
6249
37055
45474
69557
27288
2183
36023
89579
8701
75656
69087
59666
15177
3547
45829
85359
53796
73574
98438
77366
57520
77186
36065
72807
9414
47337
24919
86701
43046
78942
54973
56399
50790
1232
69048
22391
83127
48687
57139
9898
48735
31393
82130
23559
71628
72438
63041
90483
98665
70858
15841
82545
49694
17721
62461
82707
34270
83387
81392
43096
83459
59088
81633
51185
84905
96310
40682
57673
40860
74280
22639
44475
24062
39438
4662
94585
2698
79787
62612
80015
79220
85425
49105
42417
2891
9905
19028
66318
67784
44544
68469
69701
99938
17433
43578
54829
59262
61044
19742
47004
24473
19781
7116
24238
43052
60432
74237
7135
73411
34697
76946
73693
24445
93197
80535
49566
8001
26854
39903
23038
1408
36332
50690
20158
13352
82799
8244
52121
99423
77935
22126
6866
27561
17623
91193
118
4532
87729
17933
95877
45770
14734
5433
87447
14916
69910
29511
55322
10438
86300
47983
64564
57343
98810
85996
50531
43240
49827
22100
37042
10801
21501
73648
70167
83419
82181
85094
65397
30860
9768
52681
52381
26386
71295
35351
15975
46332
26382
11624
41300
91051
36687
98971
82690
33557
23497
20538
80816
26301
88068
10499
27033
21694
57766
5402
61328
43495
71880
55064
44728
94294
23273
97311
58849
58383
31924
2170
51722
10423
24602
58964
67546
26391
26797
76994
6629
26556
85995
66545
19837
80615
86620
3223
25496
61578
17936
41263
20935
49081
51147
87552
73758
16678
32321
61454
18896
68060
99097
67999
19534
30651
52212
69522
20759
44292
9975
53910
45376
23385
23003
92425
40802
76326
60262
25059
71022
99593
54747
2014
26534
87958
8166
15781
56202
59453
33805
86211
80622
95660
76521
74340
21305
91918
87700
34359
999
60723
49232
81987
62856
71958
60873
83845
21912
61182
69839
2798
31869
93545
71798
58412
62620
45864
30524
52347
92166
12982
21492
9541
16083
67183
38687
69326
66681
22727
58210
72089
8424
28354
21994
47160
87006
42318
443
50181
481
81861
37251
9170
72715
88565
6777
78026
85127
79889
92722
19893
31527
60576
71135
89485
21422
37941
13969
60920
34966
48144
31131
11142
76573
70014
82209
27188
45623
26853
47734
32856
78288
9033
56261
48395
47811
22522
69008
60426
79939
51465
47772
1244
39919
84782
68350
27094
79382
11450
32582
85793
10748
26197
71230
4030
16586
1629
46883
20359
46263
57583
25380
88172
12114
87132
20911
79788
98275
37548
60514
3628
10635
87160
5494
61995
35729
59383
29637
97399
40852
60566
31146
19919
56265
80608
62661
54232
62853
17450
99954
41397
4396
44956
13858
36890
18592
90951
11995
14639
63253
54844
76495
90103
83919
30976
72567
60535
23238
46983
72144
87127
77257
3883
99288
40759
77280
97003
25555
13852
16850
50192
96224
87585
28273
88658
95597
52452
93782
57384
14613
94387
38689
50920
88197
87317
76646
55202
16351
90125
48390
24393
20120
42855
54152
18882
84659
91135
8876
98241
56314
82141
57034
96934
24675
18631
12327
56996
162
72762
22812
29828
70557
4343
57464
24700
23406
73225
49284
24282
47920
11260
89822
64967
95063
84337
10059
82212
11873
19495
59635
39918
74151
57500
15806
45032
26720
48066
18020
52627
93745
33854
30786
70733
22221
7451
83923
46240
86441
96994
8667
26649
63927
64572
25110
8274
29197
33078
36068
19242
30005
25598
7130
1764
7009
71643
9899
70355
90988
32980
81482
83013
70880
40795
58217
49526
92440
4777
86639
53451
34490
1488
44827
30124
69758
2190
59135
32199
15644
51461
60239
79183
8763
80339
86087
65890
63331
77905
57873
12133
79422
97514
2338
18567
36139
79202
63516
900
6587
32633
82647
90683
30958
4327
33992
81682
5207
46736
55954
96684
15930
51867
60170
72700
72140
41243
30118
59749
8817
8376
82071
20872
9362
69148
17732
7515
93428
4359
26160
62107
47270
7034
692
80306
258
89135
11366
4200
54493
21942
55170
78403
71985
95552
19467
68506
71338
37648
5672
77320
2087
31275
32694
99270
19208
73165
41455
17535
48197
95982
18918
4321
39359
60635
30605
77773
92079
43904
70983
94747
25527
17588
70159
77228
55079
91143
55274
25728
12874
41510
32986
45809
40238
87797
46112
81616
86240
91687
34419
12251
95172
59529
43669
86637
65065
4621
50798
34596
65059
54500
63207
35846
50208
49502
85308
64271
31858
6172
90474
43189
72776
56559
95625
74065
49333
38934
18123
68080
4097
32831
61541
15204
39838
84518
82388
95514
83318
67461
73962
628
16942
36276
81537
33413
46950
20669
43300
53629
48772
87885
97226
62023
87396
87945
91157
9969
79095
58243
68102
31818
21036
45187
87905
37849
947
98015
54654
28748
34058
63165
19919
69758
92713
91915
47802
80392
71214
71587
7150
62003
8841
33096
39505
20522
43374
46234
55688
69634
73448
74169
3302
68202
69651
36366
99263
7835
26102
13169
15195
58263
42719
5455
83606
25900
58985
51696
98024
98329
49000
54239
85316
20227
84799
4
51014
13469
39614
87745
11419
61924
35735
69137
55223
67668
16389
19797
3243
16558
66095
30524
21149
97421
41478
46507
60641
96242
30007
53904
10225
76666
58813
38485
68393
66450
31363
29923
97773
83257
32666
85593
67763
1627
20017
54589
27499
56176
19067
2515
31763
48236
53649
67404
43376
91810
49060
41196
11419
75
81853
32111
17375
26020
18126
27813
30776
6358
87858
92769
70694
78255
43960
7632
5424
67003
31951
69691
74140
85658
42192
89107
54093
33072
67712
84538
27271
54567
57390
25711
10462
97406
12186
40570
57563
9545
81613
73972
10554
84832
69776
60335
91486
28141
94880
26182
32823
39226
82175
75891
49669
16796
39309
32522
20383
26730
20555
87423
47880
28617
97798
3131
89550
64754
64272
81466
35774
54641
92004
97761
3098
71488
48684
1364
8422
20097
58968
25490
88759
63653
46462
59022
38741
91573
79682
35504
5086
77320
49815
79016
43136
86418
34837
55952
94806
38346
57647
3349
73921
3901
61091
8848
62853
1671
37264
20154
71271
14217
46493
68297
5271
70328
60618
19873
56342
72250
96543
76064
28006
12294
77365
55092
5230
29048
5534
17695
83701
36051
49703
47616
75608
80461
28638
35131
80754
78478
49761
7428
57136
91554
41447
2668
62141
22423
22894
84362
37025
35140
97204
99634
63735
17986
64050
73604
8641
61398
5803
88803
67361
65813
88585
19979
79559
22315
90302
49937
31550
74914
77289
51514
88617
7047
87206
65824
73315
84596
98957
81548
29827
67995
55568
8312
95026
17309
51648
40091
10211
13577
78659
75251
30001
41365
67601
62524
50167
37747
68143
4295
7973
31798
48859
71018
68273
6830
30030
15373
84555
92009
98814
23259
77681
470
25137
7146
63385
83159
91004
83623
9249
98496
74339
80129
88344
12272
7663
24289
92689
46325
7167
37966
88287
58252
22873
29405
13898
58846
70286
33635
11001
15792
78789
83541
66445
23156
43912
847
20435
65105
80076
72494
55485
2538
88980
5841
81614
25254
94257
59149
72950
49538
11639
82535
50563
98551
65400
22448
89551
81928
90124
10975
475
64258
51537
40119
17955
46160
17567
32423
76379
82435
12351
68001
24292
45748
26890
60874
15395
95078
85162
887
5607
79774
83120
51480
94282
75997
34409
31484
30089
88656
33967
39786
29205
11401
49769
13925
34336
92714
61894
47103
2371
83982
87
38722
2768
61248
58276
17197
22897
47397
39106
35316
44210
62453
76665
89726
40252
13861
98777
98521
24162
66786
50092
90215
8573
51317
7262
28699
95539
16957
65782
48165
2500
84212
11464
63612
354
28901
49021
82763
6458
80949
79965
29351
74797
3998
13858
88948
29544
65890
14090
22155
81712
14067
22625
31266
59788
12212
29643
98165
11644
15504
60249
80525
63330
82275
67931
73817
83580
45126
31941
80250
7698
60672
84551
25041
52904
58286
62403
10577
76909
41827
26405
54377
69348
17508
78704
56079
93494
41966
89509
35814
60299
19777
98421
70867
7833
63479
33318
85291
44257
24731
35150
89832
89369
21319
85301
81546
7504
80510
39413
18547
67318
24643
11156
86723
7520
17848
52957
3674
41492
21364
36266
38533
39728
8695
94227
24282
86738
65074
26141
73526
50715
8284
11149
84708
91772
23896
13383
52380
71874
41962
27346
72161
28674
61290
81155
72362
26796
7135
25678
37407
55651
81817
74353
87883
29880
12675
70989
83807
1873
13892
71856
82596
4889
40453
99646
25213
9949
51031
64461
67350
20371
1697
55578
35704
34782
17372
95948
94917
57222
58890
9200
27102
63526
60419
46532
6808
96612
33859
66604
65139
44987
49430
99002
32304
49645
25746
45864
1146
92746
42516
10000
72456
82625
43442
15629
44713
38680
61418
60990
96190
66054
43568
7628
2071
32705
26628
42284
8472
46798
4777
87960
19263
52396
67356
53748
32232
58279
30005
48501
81596
74056
15822
48671
4871
52806
33883
45414
68709
32019
13726
20019
48656
75603
32212
42786
25254
16360
97013
45579
90879
96757
98620
13493
60356
29690
63509
62416
74869
8915
74918
70884
97712
42925
9494
63171
44161
73381
24760
73045
58579
31241
81700
4590
96261
44095
2993
94389
69489
26988
87968
58139
29561
83440
56716
72848
37283
18432
30193
60422
48507
81447
82169
96519
93957
27232
55597
10854
72341
20448
48829
64608
75868
38838
60013
1077
40385
32074
45786
28579
41316
3684
82174
97405
3381
8052
46653
54869
55163
31315
17747
29431
55852
54864
58963
6459
73908
37000
93778
79417
7116
12262
34081
15441
44836
13928
52715
64751
80423
57734
55435
54494
39832
70702
11607
67006
25368
51202
91813
80626
63650
74682
33791
34860
3325
77969
75413
19322
55596
59418
35005
78581
37713
36717
20061
87213
40021
34698
62113
53480
62889
8040
99684
91266
33458
67610
29876
96966
13767
99482
33780
87032
45373
36676
76090
90246
15394
74583
70361
4815
82760
61016
54489
62673
75771
41218
11639
55300
54384
41186
53346
36403
39048
4762
69032
25744
27179
37130
28513
49871
76547
84521
6770
89246
52334
97415
55214
54942
69989
81428
84143
60898
40411
44222
47662
75107
16489
71758
13156
16701
55746
80880
87381
52984
98893
22068
48816
34544
66861
17164
60440
1525
44949
13315
38665
63271
60514
92131
77632
84060
31637
12428
3516
44479
24653
26111
17029
53647
61108
36423
15592
39833
31200
22585
78863
71482
52733
86206
41129
51323
88293
48400
86123
26970
50403
96863
28900
43634
63068
98322
81339
68413
33646
37803
7120
2197
19435
99727
81304
15116
27469
72908
13435
31061
36490
72332
95041
64597
49917
3340
99817
99740
37479
54759
12351
41062
19843
91816
32434
30314
93263
15781
95953
41298
15210
14123
94600
94661
89612
36802
30459
52960
59729
12714
38639
91891
58074
71016
55168
50719
67232
818
66488
10578
53087
26365
42166
44788
13213
49992
43331
92022
50981
50640
29770
47042
69650
92089
34540
22065
30039
90303
14286
54273
11221
35811
25997
86786
47771
61791
20643
2121
43326
33478
73107
53292
4069
43298
61878
15442
24507
49665
74332
55066
46470
32685
42842
84709
99735
87080
96843
69834
25771
37282
75736
63094
9676
39025
16487
50385
77650
85044
21968
94504
87096
87278
66496
3044
16259
86411
8002
16125
21852
15241
41638
48547
30342
31613
43934
59599
19901
62752
99095
72448
94059
31382
31187
27985
435
14903
81748
49339
88938
39983
5059
22135
63838
3341
8551
15197
69063
2885
23159
2889
20095
34922
24534
85727
22717
9279
60999
29730
78407
42686
5574
20940
44026
16246
71369
57923
90797
13744
56745
74478
2893
26241
3786
13731
56694
67654
94522
98906
82819
60249
92951
57662
9644
61644
91733
27583
6122
53172
82688
58905
32948
63342
61452
2858
79282
81957
62497
34329
86869
59272
76060
20789
15536
37230
88143
52849
7794
71804
8737
96977
70587
40387
17143
52870
13543
65873
48327
55618
68900
9249
57947
72968
53375
18442
8464
40001
88812
21007
52398
43055
3397
86989
83355
92473
21685
50091
14332
52000
96343
45130
44920
30431
99434
56155
62408
83215
5646
15308
75442
83004
5553
11126
77857
73843
98463
881
90653
39185
57231
2572
88939
35921
71352
45790
16672
20204
79774
8795
6456
79700
27846
4251
82347
67406
67035
27494
51607
53091
22119
10908
41054
59236
60108
84147
93783
23587
59165
73644
21708
40243
40812
44976
41608
52441
7553
32136
87406
22763
86228
34666
47631
13206
68188
73842
93572
21027
12782
23933
60925
62203
80147
98582
77297
81038
31581
50537
46645
59461
90892
96966
41085
70415
22382
13542
66043
56310
36189
80106
52814
34064
31075
30773
87904
68852
63105
867
42272
54704
74671
93441
40817
28396
72369
88655
26793
68561
75385
2088
32173
34946
83656
5409
67797
64325
4927
28197
64575
66966
91702
95536
53318
47799
78775
99905
76294
62520
38956
69460
90239
80101
47321
25631
6681
30683
40783
68380
57441
76647
58117
16584
49971
36388
84785
79077
51415
78026
24467
30783
41726
23440
89570
35293
82979
1569
23696
12636
1296
24150
98074
7379
32455
67455
76223
48308
82266
89188
9395
84019
13995
17399
78354
49480
60108
18533
20727
88355
79101
34004
14790
14584
29325
71248
37507
83777
42192
73107
21257
93257
76736
4057
52025
31586
59115
64113
65153
34600
84962
60282
77584
4021
45464
29774
60387
36501
39091
13066
53870
48958
21016
52133
87238
26175
73837
90132
4489
60338
5723
28554
91849
20539
93065
58993
95505
64557
47740
37452
46585
52269
29655
87334
10506
36140
73401
47324
42790
22580
98772
6938
81540
23561
11131
93364
45116
20865
86774
78036
37321
37161
97353
20407
20113
36428
9518
44521
16114
70739
79994
42746
22546
68568
6595
62736
55114
14098
23963
36738
6667
41689
20074
17480
71327
4291
99508
90320
67534
3648
48905
91768
9921
4461
9757
38450
40
17062
75757
36655
99483
74917
19518
58463
47686
83069
72849
48332
2443
1422
56634
29004
774
53792
47013
63737
21462
57884
50204
65732
92023
3056
25162
76905
61313
95204
83175
66354
95296
95603
73422
12952
75779
70030
36758
2916
93598
6998
63689
85625
77843
24759
59001
75990
70857
73823
60715
77423
10531
24976
39572
72733
44097
61878
92647
7915
15633
20673
49160
40002
32069
74963
93848
81878
5749
79762
89895
32136
93134
2793
98108
90294
80773
60014
12696
80149
12469
36671
41085
55807
40826
62525
20671
42979
26187
12039
49737
75202
87905
20483
95117
40385
8495
15932
74010
23890
83750
10385
42757
30794
16307
74675
96986
81054
2894
48772
11613
29438
87072
30278
47976
42973
82226
34742
10436
31872
25845
34907
85550
2398
85955
15990
79259
2431
1835
91470
54810
42557
99867
93922
99216
54993
1679
32677
12549
35486
45110
86412
26900
12226
60983
23450
62672
36809
17932
87943
46617
54797
94497
64953
62201
26456
54567
29289
86744
34662
92714
14187
26071
92237
6022
61415
15058
95128
80111
23958
19960
6483
13922
93172
18034
33649
27657
55511
13617
65458
95909
58704
14127
33984
63595
48780
43482
81561
20589
1593
72477
47304
27054
69398
12953
15741
94835
89992
94384
12823
44977
37041
201
75319
42788
53145
97877
49630
9891
51856
8732
13101
6062
5292
60818
49680
14449
47019
15627
28545
71283
12842
87111
75409
30828
91596
13274
91376
77454
72577
41204
64944
63309
52743
32723
70737
43170
32551
36287
90594
61489
87992
85679
92616
34939
8802
45320
12788
2987
79999
79544
78648
14646
80436
57353
62502
8146
13395
76655
80937
40553
34803
17512
6155
19323
5602
56424
84014
36223
57066
88105
83474
92094
81771
75749
43923
24046
62462
80882
92974
64516
89165
17407
13435
83360
84950
17691
86934
32271
93163
3409
14835
50258
56077
84577
82551
7694
18739
49002
29817
96909
53531
89101
47619
75176
22853
73480
47167
67696
26507
10367
20585
73686
5240
47281
76414
55255
70137
45342
61382
91268
61432
73079
68292
56075
7664
93855
71429
16288
29574
53631
17499
35693
6617
90286
40889
29205
54239
5903
33895
84817
26743
57435
95447
63446
42635
86872
33469
28715
70376
18722
78150
43423
8802
50964
47875
94685
2003
28255
83316
96329
35052
54660
67525
13782
19659
8083
24887
93813
2856
77019
70640
63081
42911
46245
47540
53069
34132
85301
39277
99694
99809
95782
37774
98499
23500
48807
70503
18339
17166
84481
10470
70270
79220
26953
29014
97813
83520
65826
73694
60436
75279
27617
55048
3353
78696
99251
88075
57562
48291
22492
63959
70562
49488
17967
90063
18234
13719
70553
94514
5139
18660
77830
8731
48477
52846
24855
47628
5217
12210
38665
21273
68081
74779
98788
6703
93282
62292
41052
45349
37557
83810
64313
4330
99726
37573
90225
92517
30823
66674
93053
29719
48935
5083
79564
90534
48883
42575
11202
60985
30335
28836
46263
37168
61416
46253
78522
33779
12123
53622
896
86173
53734
89035
55317
25088
78385
32676
81994
52130
86274
88106
94616
61917
44304
74829
96097
27357
39442
67537
92782
83575
4451
21989
48320
95931
39092
89549
17291
96671
90422
53398
58927
32329
14960
28492
73889
9869
19422
37408
64057
8259
65628
4531
55302
70346
6028
28901
88029
21856
76167
25526
24579
69555
44577
26152
23459
20670
5118
91708
48285
79746
35138
46668
38951
7425
81128
18852
77573
33038
48940
23626
27204
23630
92639
5670
19181
97875
83844
70219
86856
23092
62416
84001
54640
72585
6475
43279
75663
67424
22615
5606
73506
45970
4089
54327
64851
95411
97011
51509
36916
88448
35807
51997
39648
70907
62725
89047
98941
92700
68504
27814
16663
65034
21727
40951
84979
33620
95102
35849
52237
67406
23367
14722
40072
30075
14619
86503
64362
3544
51740
83207
49001
75237
4667
81077
55140
75834
99872
67169
52742
97511
84894
38006
55027
82504
66221
19488
13314
74934
77333
45171
33527
37659
10297
9561
16596
60400
73373
33422
74390
89168
54089
88448
97842
81662
11815
52098
64397
93613
71661
49810
27617
46777
15341
27793
87555
59666
6699
27357
24504
66854
50306
76886
84892
45655
76124
50451
49171
72549
64966
82920
97791
1799
69191
24210
87704
58816
99866
61832
18109
60177
90812
69402
34515
60568
8552
16648
10836
7630
61250
23643
9789
23980
30706
37445
9831
79676
12965
78258
70867
53709
8588
22145
21627
5480
13796
93220
90070
73462
42797
37632
5494
19271
31151
5940
48500
82469
93833
31348
97485
97081
3780
38235
89111
50624
93184
17547
57105
24393
60360
5172
55065
11906
97507
97743
80261
41575
6691
33025
70109
30166
30615
19645
66089
15943
28862
17127
67405
62893
90784
55747
17508
20255
71047
72222
31360
3390
38453
37741
17133
88852
4493
83798
23498
46998
82535
66797
88263
9679
36320
80250
57653
14886
81836
65790
21461
3312
71330
47112
54559
93473
75759
14396
73874
71689
29123
86148
67860
85852
93472
39480
86433
28081
60476
68894
870
10873
56278
68216
84212
87908
24031
89823
23903
52111
37577
3311
84037
20070
53592
61635
33128
86627
98547
45850
67475
22875
51580
5444
19661
68276
47682
95625
90693
60189
17717
50607
25786
60517
41315
39992
75901
70159
46870
63010
4653
73471
86515
94022
36300
68357
12861
34428
50435
30178
17614
96552
12026
27544
55587
89152
26799
17757
94230
16699
51981
50094
55599
64660
77455
6477
46284
66247
51084
7311
73237
27619
64484
63740
88233
92142
62184
52590
74237
95946
77382
37287
57462
61917
16979
35047
79860
85865
61445
40225
6205
46183
16014
8009
21361
86184
21270
12817
91094
26355
6074
44006
77763
62028
18786
32188
36773
87292
1505
25706
50794
54178
92471
72376
75120
52656
55281
92270
48559
15961
3236
26361
98277
14152
74581
8170
25527
78798
91368
46246
36502
92523
60425
33116
49629
17076
54436
39820
46962
23843
5740
78407
78198
30441
26310
77484
9040
70865
67499
32247
27227
93897
50956
87048
17080
22291
13514
87794
68989
16341
53828
32138
90799
61692
82109
30851
36343
39195
70062
61543
13398
73391
35659
18767
46056
16336
55670
36052
5692
41700
16113
56794
24114
74900
99508
6668
21354
94012
52212
68683
32257
12428
66474
93540
16540
75370
73006
22153
44673
74612
74758
75163
6641
32354
8258
67903
15997
8157
78817
30772
68352
6143
20846
50305
28771
61308
95319
25257
80427
66557
51243
87257
53413
48814
43663
52851
84318
75167
34866
63718
28453
90723
50117
73363
428
34092
37889
59839
42600
1550
66933
78935
8920
55455
4042
86291
6908
63035
81547
24909
41746
32754
32804
25120
7414
46511
17172
79930
27518
81793
75885
24595
61249
26952
22341
87587
11665
58658
2529
97987
44456
23162
35652
45092
86472
92554
65122
19449
21464
32742
20441
53401
36605
23174
83762
32117
11368
97752
35360
87630
82539
37969
36149
9040
28466
86595
12250
83793
7740
72945
65360
34482
55105
59740
96649
70590
27779
44815
44973
62931
67874
52453
3761
60978
11604
99166
7401
20424
27536
72538
78502
62424
65925
98145
56816
40681
75437
12209
74542
33480
41990
99020
94444
71221
65651
37408
20601
13725
29083
41845
73915
70950
72841
99712
82607
63689
21109
29042
67536
4562
19799
19660
37184
74642
1617
54793
28572
77689
81339
27084
82560
41941
34067
87740
62641
47261
35501
19477
28786
50523
23503
43604
20539
98154
66428
91194
3818
4123
49289
74822
45053
70743
13401
28362
26996
49292
44406
63495
66821
39831
35198
57399
86691
78760
41136
38771
26782
8666
31244
88662
45706
3538
8580
55217
27040
27867
36780
61204
46065
48226
30165
67995
19123
87682
99553
85443
24545
87286
64205
42738
77929
64728
13007
64438
22342
13885
64330
20876
24569
50219
75136
56083
15948
44264
16590
85229
29591
28448
26566
49695
4633
71044
19021
20266
77199
34597
30251
67541
23969
18342
25288
56238
88848
67601
93187
69867
87346
39101
1785
31678
80035
81450
21542
40467
22799
7379
99311
33982
83509
97873
79538
76760
4523
31008
12118
80732
32583
32809
6756
20338
83584
75240
17575
61455
85711
15644
14604
50433
32544
52955
12997
21518
19855
11731
78194
36419
92123
24284
1457
69041
63152
77060
96440
86057
30312
87341
72313
83713
47799
23846
87348
12277
85386
24920
94395
66191
60878
75683
52087
92895
44212
59465
30637
10646
36673
65715
19854
67048
86777
97569
43531
3171
6634
19857
56067
6013
8212
94832
48699
47991
1698
53630
91537
99902
70792
14065
18575
25188
29484
8792
76866
70837
69181
81800
22121
74575
3454
80036
91190
63436
90016
40509
29896
39690
97749
93456
25533
56382
28073
74177
51098
51250
69260
48335
63841
93416
47785
32529
83200
71040
44397
61482
67378
51905
17299
13615
25853
12976
57870
27977
79994
89875
18442
31136
83866
59301
33510
7424
88168
85769
6794
91413
45010
77087
59047
50630
41316
54975
94087
88981
21372
81491
99381
96902
64615
78076
34035
4192
78373
86831
76400
87931
83203
8134
22707
52926
26878
51456
30431
21515
79793
66280
63271
37705
31049
51570
37298
15454
81628
37678
27609
48378
43632
32165
12913
59221
18424
13267
63853
80716
47287
56367
86495
76562
52637
97340
50604
65598
86833
64353
51272
46507
61662
42131
38292
42927
66597
22735
12322
38178
33715
86439
35379
81253
75126
57974
17828
91328
93260
53518
36167
68240
43603
84832
58604
31346
3415
63577
32050
38410
69572
95172
64597
87164
63019
40666
97468
49804
72425
46454
47240
94747
68147
66771
98919
12228
74029
10139
26528
56381
10218
98000
80226
405
22532
86616
25082
40349
45434
9302
56687
49579
20926
26583
92162
85259
7059
61850
54748
43368
51308
77457
78129
94965
97286
32745
40497
68076
14093
33696
3025
96521
65239
93334
26072
81659
38347
8447
2107
25007
64504
23165
93222
87114
20771
47401
72359
48320
13630
48956
36344
51336
26351
64555
51431
15124
96358
18779
29407
61803
22306
35219
71521
76659
48677
82229
66495
64631
89360
17279
47243
39503
37161
62360
45082
97612
40811
3104
93161
73862
76982
12911
70321
32562
55693
64712
82638
98268
49898
65812
29483
18730
63010
79896
34574
29767
57283
40620
10322
70538
42744
42627
47974
21624
99230
18929
70315
41209
21583
99667
53165
32979
12638
45532
69771
40825
97349
21449
95743
31420
90031
74189
97771
78456
98317
91776
65864
28553
60621
8463
1852
79228
19091
69942
81490
17980
82485
55197
40385
66472
52298
68125
2965
75061
61228
37762
18366
13446
7737
67470
1995
19954
7281
63975
83454
23029
32683
28334
50256
92627
96827
18792
5895
34623
25005
58349
45653
45904
96474
12191
17930
18591
89873
93793
59132
92138
45941
95664
63623
27665
18727
5775
49589
29362
4333
76567
1048
7594
11826
92178
84901
48248
98444
23754
60278
71328
85167
4879
71549
82177
99026
60947
68914
93580
54461
47360
87378
89531
98437
64504
48053
85489
32488
79270
27424
1045
72498
43222
51923
16013
28171
63469
99088
6687
33891
35612
37782
73981
26983
13108
55546
51914
12724
95565
8301
40622
32117
26276
2377
73543
73550
45382
46132
73255
78534
75181
60993
8090
72071
20204
34756
80420
43780
48109
23694
87250
99912
52193
38866
88743
77083
55682
77125
23046
98130
42957
52259
26629
11686
13578
54480
75150
69998
5792
20330
70740
83403
17108
15759
41310
39339
42089
36274
87589
16778
53035
14948
96811
2512
35128
3977
41796
81031
43839
60156
40697
38924
85427
55428
30098
18333
78060
56255
83119
23253
86500
66076
59437
19397
79743
63577
78155
5370
10741
50873
49310
52277
60662
4402
41015
44520
9091
33020
85556
1260
61806
41653
16679
81192
87013
66826
50832
28356
47855
24334
70876
63973
92846
32516
82195
33674
19304
60266
60995
57929
28288
49298
93202
74733
16329
52808
28110
85602
73510
95197
39521
22859
60327
26161
43811
53359
78284
81397
43677
32139
81700
87098
21833
53657
30169
55294
9185
97668
63987
74863
12352
51534
22971
11803
85623
25023
27670
42484
25478
22918
14082
54369
92972
822
87483
24141
62087
35557
29513
85991
77749
7070
93589
92800
74805
2578
93956
52543
52735
88180
27369
75670
20011
74102
37987
22535
40733
31315
35133
34062
74871
53762
91005
17404
47311
20041
71851
64463
51694
69002
95658
12799
41388
22234
99355
69455
43984
57222
47796
60154
34855
82489
33385
65049
59712
8847
80387
42598
28012
78622
44059
69626
63100
85236
7014
33293
96593
78026
35927
32035
5292
17518
95093
24962
57517
8371
39893
11402
30893
83793
18247
80233
12346
59277
19419
33711
56199
91499
20865
56824
81345
51149
89711
76086
33342
30357
11290
30956
26066
35587
44516
77812
6122
56720
78394
23174
20797
56837
58300
68251
77610
12132
13089
54162
99089
93382
32248
9801
15466
77249
46886
61410
75961
6644
32620
99627
8819
38579
97868
6760
26342
66104
29179
58809
49075
18703
16506
10390
86121
74549
17789
81761
99075
17882
88168
97744
11086
23439
76098
48742
4760
12385
88096
40887
22783
35213
11378
27883
33709
5700
8792
78220
61516
32033
69637
6404
60962
98610
82992
4211
51883
70363
36838
48099
48587
17151
11187
98980
9618
3609
23858
1420
27764
57167
27821
16137
91584
11029
41031
27962
34511
258
55251
15298
67868
60314
39533
49820
42856
87165
82908
49436
9625
14451
47853
21540
76621
61968
17643
37040
39298
72009
25168
667
46930
18262
47381
8875
97344
67654
41634
67998
14463
52083
65803
70495
70101
79484
35319
33571
46214
63276
53925
89068
61532
14857
13907
70998
87223
40998
7429
99867
21520
19841
51657
40833
60828
18218
33243
49796
17717
45150
53783
10790
21517
2746
26650
27290
5775
13882
61555
13841
76300
66378
99295
78672
24110
26255
23107
52741
21104
73852
90353
72848
82866
2316
80845
79006
45493
95435
51053
10620
23178
47722
76342
22639
21749
61689
17887
59355
3505
25571
10685
9701
49077
71613
11696
81824
85389
72938
12894
66165
89780
95878
94654
41108
23360
13853
55240
59176
74544
71182
78001
63978
58993
5972
11459
67440
19249
2167
77294
98034
78828
86346
61855
2705
91366
80903
41771
7327
86149
1487
52529
32112
58789
49819
35649
51456
53480
13792
44144
43310
57075
43335
62015
43212
63732
24408
88783
95192
45569
37132
93407
31987
69127
63718
54807
11328
61354
55871
89184
20109
26671
20060
90915
37911
56615
48174
6532
41292
64010
88717
18511
12793
49463
39316
32894
1555
47701
27375
14417
9815
50063
74818
37139
10532
11201
96333
18909
58525
92942
9453
13065
83700
28235
80543
86050
41234
29385
53943
78258
32172
39885
23218
1539
62332
617
86522
61650
25519
39952
75284
2299
22308
79351
63145
52973
63206
72046
70143
56452
5989
85231
87064
43009
78213
1153
34543
22784
76198
55819
85675
97356
95764
62834
19946
60466
64086
70879
49795
84678
11608
57428
25494
87670
48037
25298
38749
8667
18660
4133
56177
11897
8686
27275
72422
29249
29226
3112
770
55697
86774
83667
3110
12458
76852
83687
83388
89392
41275
62690
62912
47342
79183
66882
10166
28862
35561
98526
9136
39757
41525
56358
64147
86352
58133
979
4473
74843
61022
86828
21176
81179
93200
23724
57260
37334
41752
55606
24141
44837
26538
77068
63461
24432
33834
44429
68417
98303
22744
38817
1625
86194
38412
68880
99858
3336
57071
88960
25107
2318
4179
80123
9409
32420
60024
10619
30797
37890
50994
82271
57465
91910
85753
79282
46329
14593
62976
87703
80493
86941
70860
46931
91532
77500
58034
5697
5366
18796
83269
97017
78638
83030
39296
55688
58819
62116
42710
97288
51367
85484
63133
75014
29929
37228
2795
40693
58505
74652
90751
56780
15237
33244
19897
31881
19922
72341
5427
62030
10525
19703
17721
62572
76499
31699
47110
31542
78749
230
34783
53817
30061
91064
94164
1179
12272
3378
24914
72666
31027
80131
53508
94297
62287
71790
11254
11243
13891
2259
8668
82428
66466
75046
38074
31875
52881
99768
7123
18143
75616
49134
46107
12943
14994
43231
5323
47164
53102
86830
44885
96919
66016
48175
75454
40834
79926
48260
1040
89914
62356
8726
40743
46779
43848
4941
87952
91717
96117
66085
45882
3804
91769
36453
88916
58903
94824
86320
38946
50668
82356
34978
22293
39232
68765
90348
89862
48598
64942
12968
59448
22117
13236
52872
22817
19574
1881
99261
36281
42311
13821
39886
7330
38863
24426
28478
76883
76478
72271
85484
27599
64278
99520
41333
38448
17729
55239
62231
95157
18475
96862
46201
93837
31665
31867
96021
85442
90457
87966
88347
43774
51829
12192
57207
69517
15675
25478
16952
7959
32378
34367
61671
8874
54635
41080
12138
67708
3068
33696
9556
34057
91150
50862
63826
72249
45620
56492
59395
1233
68392
96871
97946
86080
47748
69769
95153
48377
42318
49822
93244
49940
23432
48230
54126
23400
42372
77460
26889
88307
35332
86455
29495
77095
88502
28973
31912
22548
69205
40110
84374
63153
10014
62256
37223
6267
33076
62946
44176
28912
62874
6467
22353
41052
41308
47884
70190
45580
96847
23924
75177
13701
72339
81270
84492
30645
5223
59616
54038
60393
67799
11699
41422
48078
10422
51259
60894
29007
191
80828
70144
85398
63799
64460
53112
8145
26301
38974
85762
35122
41425
33736
15095
78497
4124
73022
95578
69962
38651
11252
47904
87358
72129
7119
45922
62379
33526
31283
67731
35841
92127
10747
42904
41223
15864
61219
29935
10698
79916
28776
54066
36842
33853
74214
99404
11773
58115
43809
17035
1292
31976
34427
84911
50535
96283
82337
60708
46091
7106
14982
45153
36432
2140
66617
48048
60004
16270
92841
23108
97820
9739
22956
75737
17167
57367
49201
92656
3366
43510
42208
9354
55997
31212
13184
31183
1158
28229
37516
10775
91390
15562
82820
16931
38418
84388
72266
72798
28939
30295
69702
93824
83691
6694
55624
59981
87674
19276
9900
53371
31274
289
52310
38174
48293
97672
62189
51039
37598
44319
27607
53919
17891
28841
71972
60416
95427
48970
70192
9746
85747
63923
11941
18919
7964
14860
75865
70689
17668
19092
73029
95094
42314
75519
75859
4518
642
54609
82668
60416
88962
55923
32532
12758
17572
57734
53688
72727
42498
14029
14106
57341
99112
92461
95228
14285
53
87821
13940
18490
97741
53206
69502
71706
62241
54981
33704
68203
96162
20723
67650
86105
65546
57155
69457
43485
97731
29660
81894
3392
42544
42313
75761
20335
49798
77067
72312
43476
91666
93779
15882
14392
56018
60813
97196
5237
49849
15730
76640
66243
66035
75725
70739
19530
88592
60507
4740
95750
3447
55842
1859
73740
50477
92596
22561
8779
82858
67118
41849
8592
79978
51564
80365
44595
76010
23477
56049
35825
18561
96991
13133
88826
97326
9664
84984
30925
50172
45295
40686
77178
40689
32249
27222
94904
55263
68073
12652
81888
43023
76531
63375
85976
48547
18734
48940
17711
17950
49308
17869
32322
23104
47737
58343
32512
29493
72800
92446
63413
73517
62695
42476
78092
73803
32708
82442
68914
85959
51654
80718
9317
36600
61658
79233
81147
65874
25747
72870
86730
35946
40606
80223
89333
8035
73204
34978
59400
61854
33266
14408
85573
68081
56515
69515
83840
44971
9100
27700
55853
59859
39602
88308
3833
51234
98283
99757
59628
69038
43816
33135
80847
97555
4810
45822
22068
62816
27752
51091
25425
81364
99875
15625
96872
50862
89216
62938
69048
96374
41441
73509
88345
39128
24654
45479
33751
94166
31408
61618
7019
35547
58146
69538
51448
92791
2743
52121
87156
28734
68025
30711
63264
71582
40636
27758
94770
65625
31751
39291
85893
11274
36202
69334
28806
21638
25970
4726
90672
86084
74086
39625
83459
10517
42090
95042
59654
19
58325
77267
20910
6053
95250
67588
61356
27390
69075
577
25904
76812
25578
64081
30432
16543
13950
96778
75571
77338
76071
87206
59357
9858
819
59657
63362
27831
85588
65192
40695
6153
40211
65331
77646
64644
5275
48553
43297
97239
41638
66118
4140
1331
78965
15625
24377
1304
91505
69902
15904
99516
59371
73098
41317
14571
14949
73350
73731
74498
89816
42735
40681
24152
2033
53782
55084
31766
82482
7758
38172
86895
91113
39819
90709
88782
7551
65776
22893
53155
52715
75800
28887
63707
56338
37518
28407
1641
20835
16139
93101
67142
31454
67407
24275
60967
60651
52804
48308
65515
55719
89164
726
55090
42587
93575
67251
55885
74812
88731
4967
35476
70962
70082
43116
80662
74614
276
39622
47017
79695
35378
80093
71804
32769
5324
17616
59730
21751
87736
23028
90124
17363
93691
90533
66953
40828
94612
54715
37694
32527
78706
56764
40775
78466
19324
59771
96740
33314
96310
25189
1192
23780
87839
72466
98128
40451
37553
22082
43923
1034
46401
81428
88503
85178
46682
65933
17823
7577
60835
13852
89395
11998
50846
16501
93790
4140
85228
72200
39268
28125
96837
58698
7552
68544
29643
86381
9701
77429
24654
21820
40379
34287
87329
11021
36757
1106
60628
31603
41664
35708
26839
83131
88054
71490
76078
77877
97409
82795
26780
76596
37141
67276
57793
14902
656
33347
50436
82879
95946
97726
34678
90781
97845
84070
78536
82163
7440
77588
20953
71518
91074
39841
63784
62922
18966
11846
61361
34268
20703
86646
27516
38953
55505
24796
17624
10145
16830
65519
50080
57818
70463
87988
56929
61083
18704
22630
92269
58382
73605
67282
97757
30838
83414
73431
73865
25579
94304
42744
82708
40368
77844
35987
9584
25045
18208
57097
2858
43449
50275
85351
24011
36659
12060
97933
98733
28234
53080
71100
81582
72306
6199
2943
10098
45166
52047
36351
95003
72630
48816
79881
64996
76452
70997
13804
16163
23273
77794
19875
76014
7931
30013
34735
38371
79321
13142
56335
35428
36728
91031
97641
67058
2136
24211
66347
94466
56190
93261
97974
37011
3523
10381
78924
44966
91826
76045
22357
74328
78932
84418
79013
69288
17316
54298
39507
17250
93352
17620
76854
27557
57927
31321
92511
24094
71414
65021
37421
6886
21345
58959
80132
85110
32264
5909
82448
61490
58785
15974
95764
33589
4892
55460
30949
74586
9754
28777
31645
90740
3751
61154
26358
28507
95652
54955
37305
78009
27625
39529
59135
54211
14129
9905
47047
57386
24604
38126
58636
54833
76122
39916
54730
27351
307
34202
16242
15124
59100
38350
43115
47844
9780
90799
65375
95564
27512
23259
3349
85992
21725
7150
43355
3016
65643
5516
27827
78841
89762
68618
54720
16801
57140
87177
94929
11919
67743
997
63026
91162
96430
46828
52213
64113
56672
16619
43562
1164
94840
86387
70250
97983
61324
53636
57467
48817
57766
22432
91475
20667
27012
31016
62140
35789
19505
63903
37487
88571
4978
75383
17126
20707
63107
87960
23065
34381
69342
85392
28781
43967
14745
77140
19968
83731
15295
17120
86550
9030
59288
67087
96165
22265
65177
40663
28793
84497
29821
59805
29409
68321
77726
66387
47042
36690
70033
83023
33262
32326
27030
89459
62306
31845
54201
8393
12452
26154
43772
70147
98674
19995
82192
98375
6444
24774
77797
85227
90957
49064
24860
93556
15013
83617
80133
29216
27632
11130
44337
32633
33256
10532
47003
76559
64391
85193
93294
76436
9185
99176
49451
79580
66960
13967
90981
38705
59162
68753
8710
80216
63790
92773
89781
18740
71712
82531
62399
37128
68146
48695
46413
10188
68612
90111
17953
52797
9656
98684
11907
14921
2297
18583
84342
98079
64986
71561
68239
2392
80488
30146
73494
41628
72763
15507
22725
42294
56121
70460
61310
55381
49775
7102
4823
95359
73510
76479
58016
75333
10259
19680
43033
63096
46879
34925
21020
29578
38003
56224
24348
22872
46233
85382
78421
50527
98234
63684
85445
52954
63891
33355
32555
37860
1228
9397
13245
51074
26028
23038
55079
9723
34980
77369
23849
78007
29909
61203
5334
92438
35075
68235
79493
90345
74626
4714
58372
65553
43251
17119
18618
49640
76136
10062
73221
39123
49439
96040
54150
53477
66621
76008
81807
2036
11482
23158
93470
88662
79712
72392
67198
1283
61151
81952
56286
62779
53794
2463
28844
13501
34373
78425
81970
54605
25541
66234
55546
26927
69668
53254
72392
39954
96019
67518
98876
66948
23101
37092
40457
4404
23798
46363
5717
58878
95036
93493
35706
3544
6170
72064
21523
63082
52707
35853
70381
10735
45052
16661
94727
88517
36472
85536
89366
40930
19275
32061
62844
34652
10723
59846
14496
56361
94151
29278
28507
76362
37232
22251
28338
20366
1840
57117
11680
37048
2730
75931
46514
99122
60659
43844
97752
81093
92644
85485
94134
17975
55400
29701
20325
31734
96650
92069
86165
5597
32261
96798
55449
48271
15077
80818
12288
82319
94181
90059
32464
57884
11948
33642
57895
27792
95602
48467
886
20235
76590
93234
28063
53671
83134
34616
4620
23536
34111
39107
26229
17309
98411
61638
35595
4757
47718
14818
50916
84028
20431
35466
89607
42975
11865
33033
280
73319
56996
92261
27993
46135
12651
79707
43360
3571
36135
65202
76650
18164
30282
4849
81590
4511
97364
9877
28690
10046
36994
55319
61760
53498
18078
81506
48503
31466
48359
95300
29234
95723
43431
91196
86025
26121
52126
19568
39661
80498
41788
29510
78591
50110
11928
27577
75084
73781
88756
48628
3685
81166
28993
86902
92564
71122
4475
97516
71121
79997
841
29195
61571
56359
58461
68554
56991
47561
67979
11490
65027
378
51240
92853
18826
36947
68842
57908
8253
22842
80010
4186
73200
39124
71238
8165
34704
51893
8056
91347
33062
54595
43762
26000
9885
87813
18060
31052
59403
84556
56359
75714
3889
51382
38696
91719
84589
60662
86316
40783
91902
46005
14880
73887
87127
30040
74373
4586
56709
12070
55581
91453
44083
51596
5666
82934
54092
87120
17284
440
4494
46430
45495
30629
81602
30002
25070
20909
725
23819
83494
68682
27591
17651
34903
64154
21022
87942
27206
40825
79833
59565
85372
34468
54828
58385
57694
17340
86276
12796
99955
68641
67384
35838
15955
28791
19165
25925
60346
88362
89548
4476
82041
68489
54183
51155
77190
8637
36380
61584
65823
29795
28490
92516
71113
2515
80873
27236
23526
98212
5989
79283
68083
29105
80539
13122
21277
30883
74505
99384
40434
48991
88168
5045
51356
54383
37106
93451
24045
75220
86558
32525
57621
94805
47915
75432
47162
39905
53419
75897
98843
37474
90053
50260
59761
32693
16887
78583
65477
22464
36789
65984
42242
90640
21094
19627
68707
19507
19167
95456
59643
94182
82548
95415
42515
65398
43376
87781
69546
68235
52022
34023
56097
770
44396
10033
17224
98320
43182
69517
56488
6524
49157
36315
78035
84537
35733
67922
89351
27613
95004
78403
92315
21712
91842
33230
81349
74946
61835
92178
11760
67704
60469
54052
36421
38511
49568
29084
47188
43322
49034
93491
21105
96867
75622
46867
18069
57586
70151
47907
55025
71214
59751
93715
13337
41365
45291
8553
44106
4092
1048
92124
13784
31628
2380
42609
86157
44739
2722
26038
9902
59618
55038
56129
34000
40099
16294
69233
12559
62788
15088
12285
66710
32759
57278
65219
71578
21295
15020
54468
19145
38106
33428
61471
75286
85262
91718
76498
68975
24203
59414
58982
92473
19536
4314
87709
30909
90321
95859
31818
31584
56170
14575
80970
44889
73327
66332
14437
35894
94464
91183
46720
80081
33936
44831
42057
92064
49933
56031
46803
22193
77524
99433
92521
32106
45697
96664
80409
17971
33771
27749
55092
16908
22396
66163
54608
88458
75548
14877
52281
34989
91285
67681
70388
59606
27496
63316
13246
4015
42284
82800
57814
34231
33368
5015
26632
99750
25537
95629
86364
66767
69699
45112
12986
89429
72563
16803
37578
99285
64175
89993
36360
795
25124
78579
62103
44845
26390
19069
95374
20640
60580
73476
87222
58465
65050
7473
15915
62882
92801
20473
64450
93392
77948
92108
39195
22346
82074
53732
17005
43243
51060
39041
59869
74319
34015
20061
30579
4923
44759
20995
47456
30675
76513
87683
72365
34386
18147
73517
33801
92654
35590
50403
33700
39136
42095
68940
41359
67433
28531
66606
70080
70424
18018
27155
11363
92042
88443
58581
92220
2187
104
55290
80955
367
93572
51813
93867
46099
51986
64481
93663
94872
24240
83642
41657
18611
93605
68603
24755
22179
60796
84731
27544
49645
87755
90122
53696
13250
48588
21001
36032
83774
19961
54054
45773
76004
50626
69481
69053
29437
5862
81207
52231
59257
86110
48057
13964
29753
56657
22173
91345
83938
11097
73648
77714
41095
33060
41590
90216
13040
14753
52624
4832
87283
29279
59078
19027
99367
30172
65057
5008
43510
56161
97679
93575
65021
80837
46282
81831
66128
56161
89031
25492
36970
70192
25127
53220
75390
71091
84490
3774
74451
84394
79623
71295
63903
51877
32790
41487
34460
47417
38648
14731
29897
62047
98045
1475
68226
61221
81933
73473
53272
80843
28363
67357
1733
21351
73158
98308
3654
53550
92478
77034
36850
90169
93678
44149
67097
72421
52049
91466
18151
70591
14654
53699
4990
50295
62224
41806
61742
91193
15216
60401
98018
90452
25096
55457
95705
11539
29178
29047
40224
16832
9888
73786
39219
72508
58447
75997
81850
94894
16942
15576
3478
34967
24997
79915
33310
65632
8686
51367
67829
76530
16260
10690
80669
31957
63632
26467
33427
8869
38385
71421
54889
71590
66991
20477
74475
52956
65327
84843
33951
24780
36913
31682
39848
81515
83396
83535
13221
32143
22695
47157
85230
90138
10111
32920
1331
23612
38815
10339
68806
90529
10076
16257
7944
58168
20488
20941
89257
71243
40385
77894
7367
52324
88341
97322
79911
55840
53525
8651
75632
63784
91308
52055
44418
64140
60439
81438
18319
98633
78569
63946
42301
35078
92137
54753
7171
36289
4743
50176
31664
8579
75778
28126
75076
83918
89311
81840
53469
86962
49137
40248
78201
62331
25054
34927
79721
18879
28209
72816
48054
67133
27379
8436
3520
42977
91048
50383
16356
36542
31057
86362
83173
98366
38517
88830
66856
70272
27466
11333
72915
92522
34628
1774
27488
76117
326
44550
29695
19917
17731
28121
81264
75274
56408
54034
56717
7870
20003
26731
89133
38016
38750
19007
68194
24346
54293
35698
49135
98723
83831
89855
27506
21571
42429
75316
29757
58605
82938
79587
38027
15861
52533
28070
95804
67033
78908
53489
87699
61664
16350
98351
50266
62399
38147
28901
3229
53444
125
43506
88538
95119
68891
97397
59739
44770
79927
40707
52736
18467
84973
7982
41285
45816
65725
5412
3138
82647
58875
10683
30016
38258
8627
73550
95311
51125
37089
7449
47456
81956
96548
26952
74859
91171
69237
12857
99544
6506
47283
83722
54882
68066
867
74112
25473
53394
81561
39427
57076
4298
59132
14721
45509
36300
60510
38690
43137
79709
1819
76690
94739
65481
97121
15497
22252
31717
4240
95753
87467
86997
46321
35972
98782
40418
20407
22868
16410
34286
33405
82057
196
95421
30047
67910
13578
80447
64831
97337
71669
59027
38270
23506
87987
65385
62841
74800
15159
50916
43463
45734
33341
17001
29732
33161
17009
88338
22157
47752
20044
48347
4811
6121
30115
23051
81253
24026
29810
98386
82233
90465
67890
149
11423
60790
59340
48112
44607
22275
40286
75343
4534
49076
69152
58734
24976
80531
27589
58461
24805
94428
45571
94039
77944
34821
85309
42562
73288
29365
80991
54646
25784
77170
40571
11307
91419
16883
32710
59612
10639
80893
97019
13629
65196
66617
61943
86867
52734
4088
57601
12693
17118
8511
31923
45548
41308
83845
43945
63922
31073
87891
39987
89846
13273
47632
44106
84590
71162
61302
73705
46410
63370
82531
84618
35660
21617
66024
94098
45433
87029
4851
1320
9824
28127
12441
58779
9818
35146
90818
55484
12209
60610
29622
5865
90861
44200
10713
13655
54447
93982
89359
39150
91431
80764
49479
88402
71266
85623
22759
89318
58131
79130
1211
55650
8949
30102
10177
5126
48427
85025
29884
35964
51366
20658
748
61900
39567
11438
9593
21114
64568
84615
47449
74448
78131
9345
14259
14785
48390
89771
41763
55295
72733
77071
71234
23212
95605
52171
17340
82254
318
32501
89052
17963
99409
81608
97284
53019
68861
87939
15982
95088
91014
72453
6206
3176
29346
67912
91856
71043
98963
56511
1792
75349
24641
21361
5843
83496
93951
77933
36311
76197
64258
38129
51773
7604
25839
25334
37706
37361
98087
54705
90792
85203
14787
80350
83741
33225
13397
99159
18306
64558
42543
71808
73544
11001
94107
87129
32576
88759
21145
24779
89187
74833
32318
80883
22038
40399
9380
51917
72229
57148
45318
44737
70308
43492
45712
65568
470
58729
9545
92315
98206
88252
65569
85948
99483
47030
31596
27459
1367
4844
72259
50811
66154
225
36546
54874
46825
90569
96846
23251
54558
80884
20623
92809
82868
47142
40968
35591
16766
55850
97873
18919
75108
41122
82665
87163
91999
51584
84998
86343
99913
26974
23410
80930
66857
60833
78141
85904
84668
65018
63142
84710
40630
62946
70834
65764
98802
2508
5167
56395
17201
9857
88964
75845
16962
44164
37060
44659
99370
72427
65432
87582
92158
12605
48331
93550
43066
84564
23692
27087
96117
14858
17754
91237
55659
2547
62740
32458
39490
76746
85873
41205
35385
18184
76912
59758
57366
21499
2861
53554
2802
52155
98617
94753
60315
5924
79680
26723
18350
47319
8407
56851
26806
69179
61391
66837
2135
46662
18439
47031
97407
86545
50368
25387
97905
37772
86877
43835
75120
20691
90229
35424
99220
16644
52477
62766
11991
79512
58642
11290
87600
21925
83698
26982
91039
53386
33620
6139
13600
8703
17018
82762
37585
50757
76537
6898
43898
49539
33024
87782
75851
20627
42162
28154
68492
8666
79358
5828
69679
44309
8370
16083
23915
40627
5036
47616
90862
30374
84042
59057
73390
25485
80702
17818
85015
30158
52009
50169
97917
67870
45429
10737
28448
38744
16183
73189
95308
98507
75996
94946
34132
70174
56442
42013
53037
66654
80742
78375
70111
16742
43163
90511
40657
87596
44697
49643
25205
32620
46737
63446
19934
39502
34741
13539
36477
76049
57673
59415
85114
16121
50167
77404
79726
60906
2507
95607
34255
95873
74856
90352
20087
91442
76315
81244
85131
53861
94908
83681
28663
19953
33417
2949
21692
91524
31708
71527
5497
50591
67874
79420
25517
98057
35865
97836
12368
28621
46929
60066
52574
97175
6507
83867
73831
50183
7577
20172
2106
90629
65781
30499
32803
57326
35247
74059
74219
61913
25944
87347
36225
72286
98624
50664
78338
8103
79119
68341
49652
95539
85925
97192
64994
32944
42862
1569
50227
45392
47390
18778
47181
6613
99438
54002
41735
10185
66407
96683
1709
53487
8664
71232
31810
62184
57248
63915
5281
85142
25422
52404
95448
96112
27245
37510
20739
17964
96055
7648
81459
31913
12538
6146
90933
83470
84047
59248
74295
9637
18591
19988
76327
85998
16293
78395
42348
5145
11437
32201
7797
84091
10306
98533
58230
34832
74688
58299
34393
51612
63332
21915
4381
69768
83646
83385
26196
84741
54969
79831
67199
59548
10629
7069
14588
93552
14324
45344
48141
56467
89600
41583
30685
8285
46435
18473
16080
95368
44580
67387
16474
14994
64839
82213
45732
65074
86874
91738
52655
44995
1876
38354
41331
83788
41341
43403
83822
64811
57326
32678
79678
82538
8263
65708
89246
11379
51532
86000
59539
69504
11957
93393
30501
52076
69365
8211
91404
12016
26749
44028
38022
37323
10275
58535
32840
14726
60865
63581
72334
56136
40496
55338
66550
13025
75995
8537
24466
97868
82901
67117
59252
17258
93643
12405
32573
91452
16374
70549
34475
37169
32497
81526
17263
52369
61696
39016
86420
33142
40512
69539
28228
48074
9390
51884
79367
43249
41665
35505
52458
4544
49517
15636
56174
19988
84349
38402
90978
64885
66054
80305
37857
15856
30091
60443
9812
10517
96317
2999
4315
96364
46498
9665
64923
38770
53786
99482
97851
89835
88466
72325
5130
92055
73210
17837
95494
22208
96388
92788
14754
98683
58960
78684
2214
49785
93123
51394
46338
73736
58267
27777
77367
36163
75214
49019
90883
59777
69577
60793
71912
34363
49359
55761
29942
23197
23165
47566
23036
17667
35459
21288
23273
5281
78546
55132
60504
83900
761
31179
94546
46262
68927
39948
82457
7055
79619
76077
97059
88146
20428
95341
80213
68613
52939
55828
39521
51768
7365
45882
41246
79655
19919
38996
50856
51097
64696
83320
97617
30541
93791
6143
96539
61421
61414
30455
14623
1189
13592
7084
95314
34037
11419
90586
42509
25350
54980
13368
12613
2130
68436
37666
58314
25272
62993
49896
94335
25879
14291
29066
75603
98382
77954
94676
19298
47773
76270
3035
5445
72873
12409
85733
44518
75130
36453
75333
17802
1110
82478
29627
93380
71898
76750
15003
40641
175
63478
89976
4826
24141
52322
15240
49733
17155
86697
89338
94303
90556
68170
93974
86084
34185
80276
14397
53840
2535
275
81698
64706
62063
2020
77204
93289
11589
95369
17678
59893
24024
16734
88952
82388
25560
32770
53337
24714
90750
24104
99576
98576
4977
35186
32939
5588
85782
51576
83815
21374
85468
86404
68445
14203
53895
81508
82485
81286
54404
33944
17237
61489
13198
40469
60956
55698
70408
6877
14709
99475
87652
60780
30289
78651
2261
62226
77853
49618
6046
56914
67874
68026
95549
96058
99326
86842
92071
75804
70053
73820
41881
95886
54212
81653
76047
56143
59488
22073
22512
63085
28629
68897
87632
38392
59248
92798
73264
29890
15085
58450
31578
1601
92607
52148
13077
7237
20280
97086
27478
44964
40530
59116
16369
38548
89514
50181
88669
82499
35590
66666
54667
10847
61278
78499
82504
44025
16587
71191
96938
84656
14931
34733
4658
27854
7720
77809
32906
60267
11438
66977
45915
48564
70903
51253
29418
72362
73422
76962
18850
15983
13980
90109
76472
33120
257
78746
63493
12988
82723
8665
87192
49724
50628
92224
24936
82128
82522
82113
61332
92386
54937
64532
91668
52708
8983
65624
25949
274
2908
63155
46265
86117
60001
22118
34223
28657
31297
5416
11401
8120
46009
88347
34223
36218
79230
79305
37879
44854
71571
6058
81837
45732
41876
65339
18583
91540
68667
1499
64493
96660
1465
30698
14421
28912
75283
33770
51152
48910
16335
48046
92568
44688
7602
46707
35893
61230
47236
18438
23190
15089
50633
45091
14319
39011
68193
50005
46415
63453
31355
17540
43883
